0.026142694
0.02401786
0.025665285
0.026369825
0.15036145
0.11412589
0.11963298
0.12457728
0.115887694
0.115408905
0.116338804
0.11563106
0.115938
0.118051365
0.12122978
0.11806014
0.12126187
0.11702043
0.11586578
0.1148247
0.029443057
0.027197355
0.025959495
0.024027552
0.14541748
0.11729975
0.11565317
0.120726936
0.118472025
0.115095325
0.11847582
0.114982426
0.12155573
0.11507389
0.12815405
0.11609771
0.11621514
0.11542082
0.1181953
0.11058083
0.03339341
0.024171641
0.028374149
0.021954179
0.028140917
0.02528455
0.024741545
0.030673843
0.025381157
0.027078532
